Ex1:____________________________________________________________________________ 
Matrix[2][3]
   1.000    3.000    5.000 
   2.000    4.000    0.000 

Matrix[3][4]
   6.000    2.000    4.000    8.000 
   1.000    7.000    0.000    9.000 
   0.000    3.000    5.000    1.000 

MatMult 
Matrix[2][4]
   9.000   38.000   29.000   40.000 
  16.000   32.000    8.000   52.000 

Matrix[2][4]
 9.00e+00  3.80e+01  2.90e+01  4.00e+01 
 1.60e+01  3.20e+01  8.00e+00  5.20e+01 

Ex2:____________________________________________________________________________ 
Matrix[4][4]
   1.000    1.000    1.000    1.000 
   2.000    4.000    8.000   16.000 
   3.000    9.000   27.000   81.000 
   4.000   16.000   64.000  256.000 

Matrix[4][3]
   4.000   -3.000    4.000 
 -13.000   19.000   -7.000 
   3.000   -2.000    7.000 
  -1.000    1.000   -1.000 

MatMult 
Matrix[4][3]
  -7.000   15.000    3.000 
 -36.000   70.000   20.000 
-105.000  189.000   57.000 
-256.000  420.000   96.000 

Matrix[4][3]
-7.00e+00  1.50e+01  3.00e+00 
-3.60e+01  7.00e+01  2.00e+01 
-1.05e+02  1.89e+02  5.70e+01 
-2.56e+02  4.20e+02  9.60e+01 

Ex3:____________________________________________________________________________ 
Matrix[3][4]
   1.000    2.000   -2.000    0.000 
  -3.000    4.000    7.000    2.000 
   6.000    0.000    3.000    1.000 

Matrix[4][2]
  -1.000    3.000 
   0.000    9.000 
   1.000  -11.000 
   4.000   -5.000 

MatMult 
Matrix[3][2]
  -3.000   43.000 
  18.000  -60.000 
   1.000  -20.000 

Matrix[3][2]
-3.00e+00  4.30e+01 
 1.80e+01 -6.00e+01 
 1.00e+00 -2.00e+01 

